,GO:0030198,GO:0140096,GO:0005811,GO:0002376,GO:0007010,GO:0030163,GO:0006520,GO:0140110,GO:0032200,GO:0006457,GO:0005815,GO:0006091,GO:0048870,GO:0006575,GO:0006281,GO:0140053,GO:0016491,GO:0042060,GO:0005929,GO:0048018,GO:0140657,GO:0006325,GO:0006355,GO:0003774,GO:0005198,GO:0003014,GO:0042254,GO:0016874,GO:0038024,GO:0140013,GO:0003723,GO:0007059,GO:0007155,GO:0006486,GO:0005215,GO:0000910,GO:0140098,GO:0140097,GO:0072659,GO:0005783,GO:0000228,GO:0045182,GO:0008092,GO:0044782,GO:0055086,GO:0007005,GO:0050877,GO:0008289,GO:0031012,GO:0005975,GO:0006399,GO:0042393,GO:0003013,GO:0009975,GO:0003677,GO:0007018,GO:0005739,GO:0006629,GO:0006260,GO:0006886,GO:0005764,GO:0022600,GO:0005635,GO:0016192,GO:0005730,GO:0007040,GO:0098754,GO:0098542,GO:0140104,GO:0006790,GO:0007163,GO:0003012,GO:0005794,GO:0005615,GO:0006913,GO:0005777,GO:0006954,GO:0016853,GO:0031047,GO:0006766,GO:0005840,GO:0006310,GO:0005768,GO:0016071,GO:0016740,GO:0016829,GO:0006914,GO:0065003,GO:0055085,GO:0003924,GO:0034330,GO:0002181,GO:0012501
GO:0030198,0.35812738597548727,0.028658915865542648,0.057599629286376276,0.033354544813531936,0.045460399915559724,0.06296422986708367,0.07479160488945999,0.04885345303492403,0.08478660209461555,0.08887331322656924,0.054816579038032325,0.0817810756290625,0.058746951166450775,0.07341236172052394,0.07323589501807323,0.054218858733472514,0.06756680124425486,0.15635533456049341,0.04595196830898737,0.10262308758756916,0.06747100646006594,0.09039515792146896,0.03089837500446246,0.060530167506911696,0.09647537922572155,0.08894228268896724,0.06961327122250628,0.06380285349445276,0.102803738317757,0.06458421752539399,0.033718216595423484,0.0816152103899333,0.07418517035713919,0.06209872425581589,0.03577626485115472,0.07304116865869854,0.05852834339136601,0.0887900037744095,0.10015251359673102,0.04175578592656729,0.08346754325972011,0.027477987905724796,0.06299894703890264,0.05207493797310324,0.06482000998683554,0.07498066788197626,0.034625248099596856,0.06015437849347884,0.20155187431576088,0.08412813102119461,0.04876328304548661,0.1025730766737961,0.10047648538314734,0.07806382315235093,0.033613930136502025,0.05159734407928964,0.03689582529002239,0.04538203011996937,0.08329796565090683,0.07741004187668978,0.07852927991802904,0.06742508324084351,0.07703377088195412,0.0389987184257307,0.033097750914224,0.05878294310598348,0.0777798736206734,0.058375754970830925,0.06060225417090133,0.07266625000615148,0.10677665120009165,0.1047974327270934,0.04528590332629226,0.029348420057420915,0.10448467813875142,0.056262123398278116,0.08520086278609236,0.0930173966718315,0.016584214189004607,0.06320754716981132,0.08038758182643074,0.0782464846980976,0.06009598351611891,0.06324629929387478,0.02556750496132166,0.07515323038899278,0.07918552036199095,0.04369560219397642,0.035385212125072035,0.06673823768526818,0.0944705938287453,0.09084062967835595,0.04982073032093645
GO:0140096,0.028658915865542648,0.19976092632577647,0.010973443714187906,0.10958714286921717,0.0956190698993908,0.10266219803823937,0.02925544941058641,0.12734266608932016,0.030499113483640452,0.030870918616172832,0.07034810339251438,0.05387101395781458,0.09927829965170411,0.017808080515949908,0.0707983015890847,0.018462872595352082,0.07069201509783223,0.05083346250226046,0.04806917995563711,0.03163157914227204,0.07518656321214669,0.09793629877504313,0.1363609079259669,0.011278958845812984,0.06297449724949104,0.011898735441632214,0.04142482511598297,0.0337653291454071,0.011026994939397603,0.028592243113855546,0.1121224882356572,0.05203787833345436,0.08866845461074176,0.01677970081444653,0.05972119979902081,0.02429411134931598,0.04321858226828189,0.052817880841219966,0.03231607143897969,0.09541732854703487,0.030838250980983285,0.01925206753965387,0.0789996636642004,0.02714186887178302,0.06352195476794024,0.051975222931901634,0.05302027697014933,0.057448889296907474,0.03745886661608712,0.051948630445596965,0.02095699974208948,0.03922851728325869,0.04980902935159751,0.019554117127048565,0.1294008139601337,0.04300000714007565,0.09778465726346669,0.07418767865180663,0.03945499994132213,0.07158676294882996,0.06170763820197048,0.009986496303195876,0.052936369469051454,0.09548429441264034,0.07811099550097454,0.012401199895527387,0.014078952667975365,0.08435033568909978,0.014785702588306056,0.026548325460729435,0.028922168990223762,0.04283486068684625,0.08651758457106375,0.10075232605756575,0.049105228331706496,0.014392121654424569,0.06926366436888651,0.03228626976316773,0.014723482158208939,0.01067329642681689,0.03257415807933517,0.04112591232511197,0.07618041314153687,0.07808556302871333,0.15961486893278246,0.042943886534905544,0.0681296191345831,0.10820878035264135,0.07297115458974557,0.05444104339264233,0.061819997746949455,0.027731754380779176,0.13769307496042732
GO:0005811,0.057599629286376276,0.010973443714187906,0.3958454668996311,0.012033697846780163,0.02018132810585641,0.04037745363603221,0.09824949749382998,0.019773002736108783,0.11596501345636294,0.12638076673164392,0.03583141153436578,0.08231786362457869,0.017789880891784588,0.11584310937314848,0.055136010655572595,0.10358916158320329,0.051772920829044826,0.07020545591974163,0.0255959372238442,0.028526199994633898,0.0564646120665191,0.05836034124435014,0.011858672423246423,0.08009718905785262,0.037729463717059576,0.08404239438722197,0.0932554886577875,0.11651619463797391,0.08491296726590844,0.06346180411659069,0.020142292348138052,0.07405524095689356,0.019545167211216973,0.0716230327440889,0.019388246161524028,0.11055458768873402,0.06268859007739773,0.07886677494686997,0.09443221740735172,0.02233037922836307,0.10557727062581432,0.02919892352869027,0.03264297455795972,0.04069739478957916,0.05855670456689133,0.07577443243055314,0.012653488244039425,0.041402714932126695,0.03263683473578526,0.06428179382042425,0.08780379041248607,0.11776852333853896,0.04654726052728906,0.04548515205232854,0.01364448279007209,0.03564714917894891,0.02733821467994332,0.034843834452938,0.09368143313428691,0.06633035157062617,0.05384328049660254,0.10001788428865242,0.07289306783404591,0.020087358917943627,0.019734274047907122,0.14492753623188406,0.10804401441851641,0.026214340786430222,0.14309835373575347,0.08863017975824078,0.0970268994808872,0.056259147233876476,0.02217772201848635,0.009852066996271912,0.1000813140348024,0.14920613147697268,0.03404419852947258,0.1230932030932031,0.010938515036875693,0.1264262053735738,0.1128432028262249,0.07206761492475779,0.03872283888962177,0.04611333750299212,0.012388683371316085,0.05134124783864455,0.07400643297170582,0.02368710660505139,0.016884590925800212,0.047088318694238886,0.03767013543370832,0.15778186274509803,0.02006268360928381
GO:0002376,0.033354544813531936,0.10958714286921717,0.012033697846780163,0.20856143322344212,0.08834288209084791,0.08551501778183582,0.029881737242828204,0.12359932757966567,0.02923482881754324,0.02929657490577217,0.06393173118874451,0.05399381507908972,0.11573146685532233,0.019200514874141875,0.06400799457964214,0.01787165733345361,0.0707522352560271,0.06275080195047839,0.04708256910227283,0.05350119014996427,0.06883609351014694,0.08702814165997064,0.12255080665490886,0.011616343431742277,0.06474731762544406,0.015110304787433406,0.037982891941372755,0.031176893206833756,0.016391086652488184,0.026937186950784876,0.0999717867734291,0.04735250810456703,0.11571837170070082,0.017502820404171518,0.06481476805088465,0.02351101895938751,0.043057839263147074,0.05137377578376625,0.035294653773480046,0.09162013379742773,0.028587251982164757,0.018142592273715657,0.0760230249948544,0.026903839916065656,0.06378585698957992,0.05124933357378878,0.056859868612960836,0.06699473792515508,0.047547135238426665,0.05386493459155311,0.020186388125701976,0.03710490647872052,0.0583644585736584,0.027174782460353653,0.12155274772904864,0.041740894421392345,0.0887439196672621,0.0770774345870313,0.03700185172035199,0.06922150857622329,0.07323486801121146,0.01309344683469303,0.05232963866432392,0.10035069860253087,0.0686484418450595,0.013656895734914609,0.0170551220405603,0.13772166229449728,0.014868415479108044,0.027855223698029802,0.03070861359529919,0.04695141673524408,0.0873123216864603,0.11027919261047069,0.0483923550665223,0.015095248382424292,0.10612562876035946,0.03257076576585625,0.014283467608903385,0.012558410439498504,0.031236030434970325,0.04206152433425161,0.08502167317545958,0.07246088364608035,0.10591777328095167,0.050000431461398105,0.06584802024507878,0.10534935237926922,0.07819069487482444,0.061145015000778485,0.06666789383984434,0.026648100887235463,0.13298423073399693
GO:0007010,0.045460399915559724,0.0956190698993908,0.02018132810585641,0.08834288209084791,0.25256779174283306,0.11125528489967189,0.04602648499734221,0.12433149584000251,0.0566523445626063,0.05604026552918291,0.15472381886380315,0.07793554503773822,0.1250056325142861,0.02910151566834747,0.10523833147298359,0.032800696232350005,0.08503947099026783,0.0822150344661682,0.11469261368900069,0.039300472620196474,0.11988104864206141,0.13386744302015194,0.11013709901614738,0.03634685779322649,0.11516766827295787,0.021757257279391075,0.07352011874127962,0.055348080367457766,0.01832478523905553,0.05396430876541392,0.12603716414728788,0.1088586041422323,0.108199515942334,0.025391341212583903,0.06716625247931002,0.05786732014842463,0.06848916940819873,0.08706942368499154,0.06445564670066381,0.08652652904589131,0.058848145258528974,0.03299687356257428,0.18024667351611193,0.08546361272396966,0.0863462866178012,0.07594316577638259,0.06496748411007776,0.08530065449909015,0.051065692152829446,0.07195843109665973,0.03582480805744931,0.06891990065721672,0.07476149190763251,0.03238467377371785,0.11268398144088732,0.11861434123611306,0.09953292813286672,0.07794125344493677,0.07016296775858637,0.11226732326129917,0.08436858174353658,0.01787045199419993,0.08819252611360408,0.1368094126334796,0.09391087021215662,0.023751476347771153,0.02262323400579925,0.08796559618932556,0.028437761592201717,0.03965834327267131,0.06982245055111078,0.07782132994314722,0.09704637387133536,0.0836332126810713,0.08716865263511626,0.024491418314840866,0.07980936133070156,0.053995702147131924,0.02290174664075789,0.017508495371708645,0.06180439270798216,0.06874863181100578,0.10158440694693256,0.11424718360402261,0.096097775652421,0.06257464758245163,0.09657735864632416,0.1467015298590094,0.07641877986306614,0.10164294355547587,0.10933278053986868,0.057122610688287424,0.12379043170994633
GO:0030163,0.06296422986708367,0.10266219803823937,0.04037745363603221,0.08551501778183582,0.11125528489967189,0.31560215564745253,0.08343554534792808,0.12622882792788132,0.09679892044080057,0.10124261474737706,0.12961522118330498,0.12361723481825204,0.09679058661860832,0.05564874642546449,0.16116993667600954,0.06711312384418108,0.11691030140131504,0.10523296464813074,0.08049108519958048,0.05209980718819732,0.15340002496478183,0.18019650849694183,0.09991387121283364,0.03668052331921626,0.11584820616983658,0.031923788330048074,0.126748095092043,0.10441236196009551,0.03206012587541225,0.08177322798330879,0.13338522507070055,0.13772322784845087,0.09350815639303935,0.05165281023768207,0.07345612227630129,0.08027067071407921,0.11412222453820882,0.13255188652894906,0.08918327061871568,0.10380556208073963,0.09504065154419894,0.05197950590898045,0.1224592267980164,0.06562579281183932,0.12364915272300969,0.1281671218720012,0.057123732426713356,0.10045793145533918,0.06236727327417657,0.10966343221027039,0.07108120749018083,0.11578574232198954,0.08769510369895232,0.04032869390380209,0.10639901075943801,0.08773655513265935,0.12212643035354508,0.09691174199560422,0.1152640669717715,0.16609374817309153,0.13448002963561662,0.02903300521134916,0.1307690300307063,0.10835257705506912,0.10717559895160654,0.04989727494470332,0.04389774771979897,0.11359719328408928,0.05681738514861812,0.07237463351146416,0.08150820127884348,0.08735393246296416,0.10202319122562019,0.07073949846238954,0.13664490373525948,0.050846155655016184,0.1037124677429873,0.09284706592562943,0.03005395155518503,0.034972619419917625,0.1111651782687253,0.11133020572868667,0.1331867184855022,0.15735830739500703,0.0996299453433677,0.08440398129522715,0.16591870752660598,0.13345044288096747,0.07861700621331147,0.10358794778141468,0.10356816735187561,0.10371065442788659,0.13040166002692088
GO:0006520,0.07479160488945999,0.02925544941058641,0.09824949749382998,0.029881737242828204,0.04602648499734221,0.08343554534792808,0.5307275452553903,0.04977957529945678,0.1515946204742885,0.17205013401559455,0.07449432276478253,0.19713725271882399,0.04002633772528912,0.2202634574727598,0.11880639982284227,0.2060516514298027,0.16117065329785304,0.10254685175633349,0.05189378186467045,0.04943633425798799,0.12018768046198268,0.12232545772095042,0.03248081101081679,0.06635485318782038,0.09090208989131796,0.07491413533163835,0.1876831201716498,0.21565557729941293,0.0650949953660797,0.09498560824117558,0.06656184425103605,0.12729939868097762,0.04210271901851845,0.07976099440720916,0.05018616629182468,0.10658983273091156,0.16699539776462854,0.14712279263528605,0.09897872901836849,0.047882677917182204,0.1434978648281127,0.06629187439351618,0.06820359839442443,0.05994069971015216,0.1703967446592065,0.1434210351736125,0.030718963590839463,0.06952599502025344,0.05425075506565611,0.138223683654407,0.1951202460850112,0.15046623240649,0.09087382785856724,0.05710233404248759,0.037892574452775,0.06376575936973972,0.09699494457133308,0.07770565453831252,0.1496737630053937,0.11057435407071203,0.08864594137489605,0.07468524630240801,0.11573236889692586,0.040330318656877986,0.05492359712973001,0.09446984294908124,0.13633871137825582,0.05507818526686451,0.128628026783793,0.1976799066000944,0.10065376780579639,0.09263095268326484,0.043920648406629716,0.029900374749434314,0.15099077828002755,0.1669548468996914,0.06597053227733286,0.19941414423211049,0.024375799595559407,0.14574070430847924,0.21040288424516085,0.1250865888239369,0.06356544090977699,0.10921657788748863,0.036318313279493086,0.1322270625549314,0.10671504031581387,0.0633004147768647,0.04635529855445984,0.07277546054918317,0.0669930800365583,0.21490554870035414,0.051240862501148336
GO:0140110,0.04885345303492403,0.12734266608932016,0.019773002736108783,0.12359932757966567,0.12433149584000251,0.12622882792788132,0.04977957529945678,0.3350814834249042,0.054004500507730195,0.04729312848969331,0.11073590676093953,0.08304656018840756,0.13001578741705794,0.031707636550717934,0.11908763868772768,0.038187946847620065,0.10213162302960332,0.0767915386492314,0.08332606703490586,0.05684255724011813,0.10652884925545955,0.16121936159535058,0.2595164342376871,0.02173565999554008,0.09226716660821507,0.021612058565190218,0.07240470229430332,0.053234386453930874,0.019527218140821246,0.05257330316974956,0.14347423774770873,0.08601922355504017,0.1170363013034778,0.03338634075626702,0.08786164817218309,0.04060914103648392,0.07847907898502383,0.09142940298604108,0.052812768008820066,0.11050138342146794,0.05649187702364875,0.030809821109334296,0.11190144851258631,0.05777640561899024,0.09564644673512734,0.08298020813632911,0.07819146672428412,0.09032188097431151,0.058426232896326626,0.08181061117903422,0.0419777774757651,0.07156085211523798,0.07833519882803039,0.036385262165510135,0.27087781215122503,0.07877425324381117,0.12783435339415677,0.10651345514846275,0.071836106526297,0.10461353795888009,0.08750408546250504,0.019205108694637922,0.08582633409609271,0.11716887295114255,0.11267928352530429,0.02235420892494929,0.024118231739720903,0.11049355718510337,0.025508789722785665,0.047554275181855274,0.04957117844089635,0.0696582517873167,0.11121946865677755,0.09398340954801525,0.081015433534893,0.02804036961094986,0.10056211054386761,0.052408041303402236,0.023666581066897164,0.021141388827205534,0.055249108116607985,0.07526820560700859,0.1030200003580169,0.1259460958905902,0.13176847363975164,0.07076534588815002,0.09752284420802959,0.1430051628347357,0.09756089523366997,0.08257997505359094,0.09419883223142993,0.04475326621294058,0.16271901082469006
GO:0032200,0.08478660209461555,0.030499113483640452,0.11596501345636294,0.02923482881754324,0.0566523445626063,0.09679892044080057,0.1515946204742885,0.054004500507730195,0.697257202001035,0.23008421748975905,0.11511888111888112,0.13478536915186595,0.04059703513871092,0.123177304964539,0.261503334686064,0.22435490435490435,0.08171276246857104,0.10763766808831547,0.06482773888050909,0.0457956100859183,0.14664936349029786,0.2116658093510572,0.036762383171927454,0.14842800069480633,0.11242132512881589,0.08271772551211916,0.30564897231855065,0.17452229299363056,0.07832395617411904,0.22836319465532948,0.0736456385839411,0.24807756400545372,0.042362417322802236,0.09870941959143374,0.03326238591939075,0.20770657623974728,0.20850344071447854,0.3502627123847618,0.13061823023498506,0.03663608439091424,0.38635004563623204,0.07663425435640704,0.08316694421200597,0.10196318660482483,0.10642461035549589,0.1379316408396527,0.025670991646635413,0.06442017576556679,0.05161473590767865,0.10320239267607689,0.23215725944253823,0.3005316140708065,0.07305741195185117,0.06159952005168674,0.046301022983234845,0.09022664258046383,0.0611011816967152,0.04673090668733562,0.36551295102363984,0.12874107947065752,0.07945208643729139,0.08121758121758121,0.15649008416875704,0.0405559906490343,0.07220103458846175,0.13723851315270136,0.11079311010833494,0.0575676532769556,0.21075956866927362,0.10651932005678984,0.1678950227954551,0.09804211960546193,0.04261720348827046,0.02267008623011414,0.2430969737132759,0.1331084587441619,0.06112799372847466,0.19556120557232903,0.030611872146118723,0.11343161343161343,0.2655178127589064,0.3272456749423812,0.0628997569664081,0.15915042705401644,0.034697744599532274,0.0869774943849018,0.1268489261345423,0.0747734086675945,0.031470603105973924,0.08654123344800416,0.07580587288910495,0.3215458360402437,0.04980072512662726
GO:0006457,0.08887331322656924,0.030870918616172832,0.12638076673164392,0.02929657490577217,0.05604026552918291,0.10124261474737706,0.17205013401559455,0.04729312848969331,0.23008421748975905,0.5559496147731442,0.09650388967277013,0.1604969995616488,0.0414414960675676,0.1477348373900098,0.14256642915071838,0.23158603054976112,0.1036895550944689,0.1148913322594953,0.06441946899507407,0.044838784241060095,0.1463191630197197,0.1387503954303842,0.03174203321563754,0.11684208688973835,0.10993231445476352,0.08350624114876659,0.25616512764801735,0.18361126053433746,0.07806932296728215,0.13399271128780715,0.07225097353789318,0.17014945146776322,0.04368667451148671,0.11834673263244692,0.040481795747721754,0.1688599645237068,0.17568338754779433,0.17982595369711565,0.1368143957252868,0.05032792932482197,0.2008879023307436,0.07687900235928548,0.08504040519158343,0.09209833926203456,0.12609671360674385,0.15715100876299165,0.027066190219184598,0.07123812727075253,0.06057466067828044,0.11630246932151321,0.1975224457324696,0.19760063171314135,0.07949936400508796,0.05696177366382772,0.03684594747504243,0.08624091381100726,0.0743936322377891,0.05605897302835549,0.1988234628655467,0.1468953667810344,0.09932710874453861,0.07770758949006683,0.15619358478401033,0.04634959412337124,0.061502124319320214,0.14169836652494966,0.12908865739054418,0.058957230674889796,0.20554332083407734,0.1281716455391044,0.1479720307781824,0.10200120473863865,0.049972840847365564,0.02746132530623996,0.20889773340528872,0.14892640149370226,0.06257634125716434,0.24523072956947667,0.027507366110116123,0.11070869581043206,0.28259649323096536,0.1583688860575407,0.07290591998343249,0.13885708020660753,0.03326583607032021,0.09163637604737282,0.1375335574842964,0.07112267235252309,0.038125863481297456,0.09165752619349979,0.0758995704123094,0.3058014184397163,0.05184948670277261
GO:0005815,0.054816579038032325,0.07034810339251438,0.03583141153436578,0.06393173118874451,0.15472381886380315,0.12961522118330498,0.07449432276478253,0.11073590676093953,0.11511888111888112,0.09650388967277013,0.3347853455873096,0.10685021632320565,0.08699931243539195,0.04901355826657986,0.16346074817596087,0.06406499916592254,0.094983997131436,0.09246544839155026,0.145876414805751,0.038492152000594776,0.15382394428665103,0.1798232956127693,0.08429694712040924,0.06731326363521854,0.11251525303396712,0.030622623997151974,0.1279056537048142,0.09234100412714225,0.027747081461096897,0.10142975496449755,0.11551560971311665,0.19162285082511982,0.08031215377912015,0.0421548656705979,0.05737097458421529,0.10854890020383968,0.11242195095061988,0.14965306688870386,0.08957257306833533,0.07013629251522999,0.11754861408263205,0.04907909328013778,0.1617605002764485,0.1423500616381411,0.10755432907899276,0.10869894844060166,0.05279593023745284,0.08671676484176484,0.04782398882212315,0.0920780783596668,0.07097568619596803,0.12478602922105991,0.07881872515883478,0.04152450266079494,0.09374627426067986,0.16130936646400565,0.09578436804401287,0.07365577630002891,0.13419815849006203,0.14376477706934998,0.09619907567309748,0.02743625448489928,0.1263346967852452,0.10522708213402703,0.10030891326830396,0.04427467623361634,0.03581360618352808,0.08468435071942984,0.05526297577082184,0.060021011609207545,0.10560812255620723,0.0873815245861799,0.08400310468205406,0.0522348416514541,0.13968798398368149,0.04455076234455631,0.08078127102988833,0.08963768400929516,0.03001156918243021,0.031455321764518644,0.10537218945596658,0.12337961922737009,0.10157151645185974,0.15226849903438835,0.074373210145726,0.0775919340133189,0.1295830737859839,0.12264551564990903,0.060393446764259825,0.10820556039279412,0.10360342019543974,0.10346108050291619,0.09929528054644132
GO:0006091,0.0817810756290625,0.05387101395781458,0.08231786362457869,0.05399381507908972,0.07793554503773822,0.12361723481825204,0.19713725271882399,0.08304656018840756,0.13478536915186595,0.1604969995616488,0.10685021632320565,0.44728473581213307,0.0703362152838328,0.1371171689501638,0.14796520347965203,0.18015671709393966,0.23189211649605257,0.12545503877721753,0.07727400531889475,0.06991012979036931,0.1563823636368393,0.16473997767586976,0.05839360854877685,0.05665144350045062,0.12627563759181412,0.06779865670515432,0.1833897213802822,0.1754502118644068,0.0544144089232926,0.09672233719978823,0.10192449953137975,0.142251079145293,0.07105933745904623,0.07861248406503701,0.08509021368587345,0.10729583480189911,0.1552873783396729,0.15908496732026145,0.11344404003639673,0.08003121627871126,0.12979282080051113,0.06857493583305435,0.10479947403024326,0.0730956612144731,0.2732215965842361,0.23041169153302396,0.04961927410328013,0.10252391461847686,0.07110192450204009,0.21365297717481752,0.1315257433733688,0.14455184690698708,0.11841170877315456,0.07095223988677134,0.06553163932243046,0.0869329048690643,0.1673661541056237,0.11721772741914091,0.1476049655531002,0.15355240843771384,0.12338939861288795,0.06287756004125535,0.148268097465086,0.07041542848681215,0.083577724817617,0.08223955157622241,0.10908371019138664,0.08725219092997533,0.11038371791547835,0.15557728436970553,0.10540676066308773,0.12208904578168185,0.07282407529230149,0.05055277551495403,0.16870803806618123,0.1263100953411319,0.10006085147813773,0.2179801036079402,0.029874617158315988,0.09270276898143706,0.2052799287939475,0.12870344785238402,0.098871051828869,0.14465590333215203,0.06381070429091609,0.15871776959083225,0.15635541209746726,0.10946606603890588,0.08292596348884382,0.10277896586739756,0.09833481323856724,0.1769930400334369,0.09014438416039305
GO:0048870,0.058746951166450775,0.09927829965170411,0.017789880891784588,0.11573146685532233,0.1250056325142861,0.09679058661860832,0.04002633772528912,0.13001578741705794,0.04059703513871092,0.0414414960675676,0.08699931243539195,0.0703362152838328,0.21799876901433218,0.02743342109918929,0.07667465492632013,0.023294768518640836,0.08528811826945637,0.09848034604108491,0.07354320818373106,0.07665970502347244,0.08534553902881252,0.1078339562652604,0.11372114409804336,0.02106492285412915,0.08761214199393971,0.025823347109203927,0.04913047124008171,0.041838008823774246,0.024435883512317087,0.03864907455450033,0.10137163685194955,0.06544903555178663,0.14444166026755043,0.024824979598848947,0.07241868864003165,0.03785514363610764,0.05111519557226054,0.06637873972337584,0.05676415487616838,0.09179925518795241,0.04062098400923983,0.02639767801772329,0.11069821546119372,0.04690686003411816,0.07670756938932191,0.06565385768307035,0.07043085464092484,0.08302555857453173,0.07657020537670356,0.07258625443819981,0.02603648849484959,0.05304020354619352,0.08965938023183442,0.04356491406201972,0.11212196786808103,0.06965698624205326,0.0884825012968117,0.08639543877089319,0.05007277602908173,0.0907451448114326,0.08519736051347389,0.020345131485429994,0.06983857778854599,0.11289477377397869,0.07307955662919516,0.019758417926940695,0.02493232662039005,0.1071531041093329,0.021124745541939938,0.03887439561521847,0.055073077855552516,0.07538812316669932,0.09527411726250157,0.09886488089753305,0.06894035550998867,0.02108358192300338,0.11587411963077299,0.046063876035469485,0.019919748557557314,0.018518581159170273,0.04196996717506778,0.052691824945800735,0.09733901743142634,0.08685797463090039,0.09584679614158816,0.06931384986229168,0.0829001407055965,0.11142172160433049,0.08552166754932335,0.08924657105279639,0.11108811696896737,0.038300135277125315,0.14078750711006055
GO:0006575,0.07341236172052394,0.017808080515949908,0.11584310937314848,0.019200514874141875,0.02910151566834747,0.05564874642546449,0.2202634574727598,0.031707636550717934,0.123177304964539,0.1477348373900098,0.04901355826657986,0.1371171689501638,0.02743342109918929,0.3624901497241923,0.07681236932950844,0.13332038332038332,0.1046373611858058,0.09044615384615384,0.03646876690354951,0.04492681716695609,0.07862321584720147,0.08131815687116711,0.019561742705877225,0.06812386156648452,0.057406082499618816,0.0881693549987104,0.12329523903758308,0.1371802002224694,0.07712352372546548,0.0740345889599621,0.03436818797182258,0.09136285454116219,0.029926874920869564,0.07846916946801759,0.035729175529652005,0.09543262411347518,0.09228039511665476,0.10422667134995903,0.09149784569272353,0.03348898134146515,0.1150492264416315,0.04150462362803561,0.046398329502850826,0.04787400479783055,0.10363928058768893,0.10279202279202279,0.0216761187155924,0.05395756083293234,0.04973635153129161,0.10106525759965876,0.11322649315178536,0.12418578306428774,0.07532650734913138,0.05609316057077251,0.022623178204917518,0.04621332131905184,0.05221521268925739,0.055454882887047016,0.11127582862058237,0.0786036128572798,0.06946395744651107,0.09084084084084085,0.08980737669517146,0.02669473238016784,0.031438867168708945,0.10251946862116354,0.17359215448387422,0.03810890058958918,0.12688765253167517,0.17789233929188783,0.09140329433676736,0.07863583298144514,0.030551602206481163,0.018610693199209546,0.11781950058554645,0.15879188296366212,0.051176657151918804,0.15868425234387415,0.015055848588271796,0.1718380889183809,0.1468749319216609,0.09010407682134437,0.04717719739844698,0.06603257689402402,0.02129018098785985,0.08644728221514696,0.08092883325264541,0.03738260732499784,0.031661067769788165,0.05232206198556501,0.05099614055908993,0.1723696997596031,0.03265017226569544
GO:0006281,0.07323589501807323,0.0707983015890847,0.055136010655572595,0.06400799457964214,0.10523833147298359,0.16116993667600954,0.11880639982284227,0.11908763868772768,0.261503334686064,0.14256642915071838,0.16346074817596087,0.14796520347965203,0.07667465492632013,0.07681236932950844,0.5387920651193537,0.13396154644166264,0.1201281545830671,0.10618133661611923,0.09119469539031735,0.04896231621270054,0.2084109013697317,0.30793064270291803,0.08978474797936242,0.07062656602108515,0.1413971165448329,0.041307156850485596,0.2412355758900924,0.13767097254546684,0.039593833899605226,0.19431757684440584,0.14340626820313487,0.26374931546793545,0.07666159678119315,0.07255600514338968,0.06139725205441753,0.12989761023697063,0.21214225384140598,0.35726325812407916,0.1002120177888096,0.07371944936608231,0.27043595629121947,0.07348611672343128,0.1275089180156913,0.09666863213520803,0.14552393100693153,0.15377406099055585,0.047844906981027814,0.09282177980238922,0.05908610447697026,0.12137398711502682,0.14688029070487674,0.22947169145369078,0.08639711808694799,0.04877566215252287,0.11275541122900104,0.10999462824280343,0.11738386640371637,0.08314969116567825,0.3216849685773712,0.1616189476533789,0.10483207561891811,0.040713864992326834,0.1728470172020587,0.07855965620282801,0.133400023084914,0.0651299072351704,0.05847877658982669,0.09437551299371154,0.09858460121766227,0.09156321173109488,0.11591152666947288,0.09826491423186706,0.08033209060282138,0.04826623877922473,0.20526630322100667,0.0748209511865078,0.08781754456350334,0.13945988485983868,0.03935053738860388,0.05468183402719066,0.18105606967882418,0.35939963614311704,0.0985438680447038,0.22292051630894605,0.07934087895793278,0.10130856632197115,0.15017703060263438,0.13567989413445677,0.061069976548178646,0.10710336718867264,0.10047544572338861,0.17054111364171837,0.10423577809252776
GO:0140053,0.054218858733472514,0.018462872595352082,0.10358916158320329,0.01787165733345361,0.032800696232350005,0.06711312384418108,0.2060516514298027,0.038187946847620065,0.22435490435490435,0.23158603054976112,0.06406499916592254,0.18015671709393966,0.023294768518640836,0.13332038332038332,0.13396154644166264,0.896453688463265,0.08975912194418606,0.06519379210648338,0.03665198272262953,0.019458006085049176,0.10603851593950604,0.1222713782835105,0.024818597992682576,0.09194204372140315,0.09691788697101378,0.04812983213763321,0.35379861759011244,0.19658880237300705,0.056338028169014086,0.12129623980639782,0.06904224359559946,0.1493183953916938,0.023539715738103498,0.0821567464240986,0.028815587931464395,0.14287342287342286,0.23144340842840871,0.1801273523371608,0.08409799554565701,0.02850852036190723,0.2219585439097634,0.08237150854624502,0.049717649885858466,0.056460451230112244,0.1276266098576547,0.1862625098999208,0.01482032288583191,0.04353241806822709,0.026814739650863447,0.08743627079963578,0.3556783641890025,0.20838758813846645,0.046208979675421084,0.027006690663575538,0.03010775004246561,0.05302467518456298,0.08846584546472565,0.039222097436845176,0.21985918409608615,0.10112025579462554,0.05433696508522127,0.06162936819871127,0.12582753882666445,0.02452901402486456,0.05629479773593065,0.1111111111111111,0.10011121221312304,0.03688417296647393,0.22077345613937746,0.11852559589661069,0.11272870352154239,0.06471405417920816,0.02714982540856355,0.015227994759011935,0.18882983127183614,0.15975814864490856,0.03676261510531727,0.19846893359444542,0.026041166182999252,0.1272085757379875,0.5292892528561318,0.15779596186113828,0.03869632780587535,0.13357661185553618,0.02303855865247133,0.07401201454603902,0.09001035196687371,0.05617823644804584,0.026692106394371085,0.06306258713038373,0.04421716896964422,0.36513699581374126,0.03488554745139462
GO:0016491,0.06756680124425486,0.07069201509783223,0.051772920829044826,0.0707522352560271,0.08503947099026783,0.11691030140131504,0.16117065329785304,0.10213162302960332,0.08171276246857104,0.1036895550944689,0.094983997131436,0.23189211649605257,0.08528811826945637,0.1046373611858058,0.1201281545830671,0.08975912194418606,0.3729218170956195,0.10783801587943648,0.07251945570716309,0.06293679158582662,0.13398708761342712,0.14999065164033876,0.07740473978623115,0.031735899390243905,0.11363778839678787,0.045328946102484176,0.11705393872665823,0.11173109626372375,0.03646367459814484,0.06517728633113248,0.11127998840592418,0.10094507237066745,0.08368683243055103,0.05359905100830368,0.09235300309006535,0.06310477586540973,0.111991671829781,0.11736157468381836,0.07664642490591858,0.11093464321896226,0.07981243376385817,0.0489242666709617,0.10117117713227024,0.05544390381496368,0.2145598679781111,0.15036382458056133,0.059591115414372516,0.10282900091218448,0.07008783103752472,0.1539888310501265,0.07755557625641264,0.09743438605199478,0.11120765560228137,0.05156837870165646,0.08442806377680794,0.07437378009108653,0.17572938549130301,0.1580023675014354,0.09638159313408376,0.1253178401671025,0.11459057159216085,0.04045766320933382,0.11742049571110977,0.08181475251110656,0.08736475153747493,0.04588712346904998,0.086949044433463,0.09411350415359437,0.059712341227300784,0.12841784769292108,0.0680297019631777,0.09747053552967123,0.08488038930544195,0.07056015196238843,0.11397011046133854,0.08706758223606588,0.10535841912587088,0.14229073827843208,0.02555006146049224,0.06794149682351994,0.12378996549302226,0.09154495040224947,0.09901639308815596,0.12231601847393855,0.08083867772986944,0.1339015882620928,0.12211894834375724,0.11564561788005388,0.09356433281283622,0.08748259380527643,0.09084272620184222,0.10357760079818983,0.10811374737606975
GO:0042060,0.15635533456049341,0.05083346250226046,0.07020545591974163,0.06275080195047839,0.0822150344661682,0.10523296464813074,0.10254685175633349,0.0767915386492314,0.10763766808831547,0.1148913322594953,0.09246544839155026,0.12545503877721753,0.09848034604108491,0.09044615384615384,0.10618133661611923,0.06519379210648338,0.10783801587943648,0.36222694205887485,0.07368692782364246,0.13591874645661692,0.10890498840057544,0.12853708537970296,0.05181584909565031,0.06336428511676094,0.1158094010553027,0.10009721952167995,0.10519099627543768,0.10010287673842637,0.0978852678923696,0.08491116726410844,0.06255369060150798,0.11844781268392744,0.1139686903102576,0.0691664647997404,0.06395613140954011,0.10868125656141485,0.0899408753620888,0.12003938265953863,0.1411849798083298,0.06831545772238642,0.10060201881428053,0.043931776791459015,0.1090390203715549,0.07292179290609062,0.10782364068487171,0.11442104097922422,0.05546415324370985,0.10945431265247262,0.15132238387906988,0.12347285842152372,0.06703834115805947,0.12157294635916041,0.1534587674241712,0.11590313164794934,0.055207716473788276,0.07982049213392498,0.06756139194205359,0.0817044808517236,0.1090818677326993,0.1287776561346335,0.12812929428649952,0.0817196526863605,0.12315171107706782,0.07590640339134315,0.0573414769350626,0.07738980218908854,0.09540032049379785,0.10580253614249766,0.07670128037100514,0.09558976492614936,0.13975088199294405,0.14836822454830323,0.0767049442262607,0.0507400902023097,0.1463747133481987,0.07215277614605606,0.1411915663540359,0.12307592640580461,0.02396689317636206,0.07189568840944988,0.1064115648455566,0.1053641503159295,0.10916321679337468,0.10291969015533045,0.048944570470211356,0.12134110276238252,0.13443374769454713,0.08017041681591731,0.06498363432244776,0.12155466547989913,0.1393286556326646,0.11888634241575419,0.0881792569693382
GO:0005929,0.04595196830898737,0.04806917995563711,0.0255959372238442,0.04708256910227283,0.11469261368900069,0.08049108519958048,0.05189378186467045,0.08332606703490586,0.06482773888050909,0.06441946899507407,0.145876414805751,0.07727400531889475,0.07354320818373106,0.03646876690354951,0.09119469539031735,0.03665198272262953,0.07251945570716309,0.07368692782364246,0.21717558948374335,0.038406906964195194,0.10366765629706123,0.11801869513855583,0.060551509046262865,0.05525213525213525,0.07768001027843548,0.030267419897954822,0.06852839898588564,0.061499026542611995,0.023485774355380448,0.05885580616282092,0.06810321499297754,0.09841403158813378,0.06343798996330369,0.02941779916818517,0.0521956566314469,0.06616016016016016,0.06229333542810712,0.08620132587480098,0.06720965220019183,0.05174127351173199,0.0684481899324906,0.029635832752819814,0.10654337931564166,0.16473479407118757,0.07913607656041655,0.07307436888154106,0.055404257650894545,0.06669182461276031,0.04383108134901469,0.07054086969872381,0.037816425297556425,0.08237454761518932,0.07314878563896632,0.051377564186347355,0.06584553775415725,0.17540327516879645,0.0640657242277704,0.05674328170280556,0.07492020937061152,0.09824520993154437,0.0701361242151872,0.025150563898172072,0.0801209372637944,0.08785328183646672,0.05969992332976551,0.030622007459856975,0.028094302948926942,0.060955118642470364,0.0341050352211514,0.04434382678087921,0.07204241483780388,0.07678464677605024,0.06082524409657091,0.039079547858675616,0.08852923482952009,0.0317959382908991,0.06411470059227126,0.06351812225853508,0.019478813104620143,0.024327272014820586,0.06148213417598444,0.07067122646974268,0.07281100306813586,0.0887521536555255,0.04936250856857729,0.07190173128988697,0.08812733457148222,0.08115120446132326,0.05339579228268458,0.08026242677068966,0.07839271229799713,0.060257108161299776,0.07019061716823743
GO:0048018,0.10262308758756916,0.03163157914227204,0.028526199994633898,0.05350119014996427,0.039300472620196474,0.05209980718819732,0.04943633425798799,0.05684255724011813,0.0457956100859183,0.044838784241060095,0.038492152000594776,0.06991012979036931,0.07665970502347244,0.04492681716695609,0.04896231621270054,0.019458006085049176,0.06293679158582662,0.13591874645661692,0.038406906964195194,0.36121576331908006,0.044489557692795695,0.07315226078639467,0.03784929212341783,0.02176294643084621,0.05740746458274014,0.07548837351049889,0.029541450205656846,0.03332385196422363,0.06634358974358974,0.04129307895072072,0.026052381473706924,0.04630995740111142,0.08044667716033566,0.028080636107817154,0.039140889464206886,0.03775622948927258,0.03510124830449541,0.060336999293714055,0.06555638541050338,0.03961526959732678,0.04396422087686901,0.016242027276162557,0.04796642802559735,0.027277397343258555,0.05702357253452144,0.05436639940143373,0.04914520831253157,0.06062708866169243,0.11660331251696986,0.07763235028242398,0.02156500554952298,0.06040765465064531,0.11719136957257648,0.12073926176214611,0.038716404478825954,0.03206738941563102,0.032354541528298586,0.05090354522043423,0.04930669585842,0.05627102673017322,0.06330828016131171,0.06360090554509996,0.053679808130661436,0.039755069745426544,0.026539276502836207,0.02477563087319185,0.05377955915520891,0.08927761798410486,0.02832022457032388,0.045900374538304534,0.06486902285326694,0.10243624415576158,0.04319970961228703,0.03737056160115883,0.0718562524461268,0.028172796924033815,0.1359603389409413,0.061866218157608885,0.013034812964520371,0.042392945102089456,0.03089630618602581,0.05398232354120856,0.05677254987453887,0.04416675239484179,0.02924379086411724,0.10089277345132405,0.06461831071150688,0.041091021869053904,0.043985692925351864,0.06130671623349414,0.08657912756273412,0.034836177288338877,0.06512403521528226
